2025 227  0   5.0  -3.2   1.9  -2.8   95765.   3.9  440.  1.50
2025 227  1   5.1  -3.8  -0.0  -1.0  108934.   3.8  434.  1.44
2025 227  2   5.4  -0.9   3.9  -2.4   95453.   3.9  455.  1.60
2025 227  3   5.2  -3.6   2.6  -0.2  100191.   3.7  428.  1.36
2025 227  4   5.6  -1.5   4.2  -1.3   88942.   3.6  443.  1.40
2025 227  5   5.7   0.9   5.2  -1.1   71380.   3.3  460.  1.36
2025 227  6   6.0  -0.1   5.4  -1.6   69540.   3.2  449.  1.25
2025 227  7   6.0   1.7   5.4  -0.9   63477.   3.4  457.  1.37
2025 227  8   6.0   1.6   5.4  -1.5   60016.   3.3  458.  1.32
2025 227  9   5.8  -0.9   5.0  -0.7   61940.   3.4  439.  1.24
2025 227 10   5.5  -1.0   5.1  -0.0   64603.   3.5  433.  1.24
2025 227 11   4.6  -1.0   3.4  -0.4  106941.   3.6  435.  1.33
2025 227 12   4.6  -0.6   3.7  -1.6  111342.   3.6  436.  1.34
2025 227 13   4.1  -2.1   2.3  -1.2  122460.   3.7  423.  1.31
2025 227 14   4.3  -4.1   0.3  -0.3  105908.   3.0  401.  0.94
2025 227 15   4.5  -4.2   0.7  -0.3   77444.   2.7  396.  0.79
2025 227 16   4.7  -3.7   0.9  -1.7   75553.   3.3  399.  1.00
2025 227 17   4.6  -4.0  -0.9  -2.0   66172.   3.2  388.  0.93
2025 227 18   4.5  -4.1   0.0  -1.8   57948.   3.3  382.  0.91
2025 227 19   4.4  -3.2   2.4  -0.9   60579.   3.3  380.  0.94
2025 227 20   5.0  -4.1   2.3  -0.7   48124.   3.4  363.  0.89
2025 227 21   4.9  -4.2   0.7   1.9   60450.   3.4  368.  0.92
2025 227 22   4.4  -1.9   3.1   1.8   68802.   4.0  385.  1.24
2025 227 23   4.9  -3.2   2.2  -2.3   58537.   3.7  374.  1.06
2025 228  0   4.6  -2.5   0.9   0.0   65185.   3.6  374.  1.04
2025 228  1   4.5  -3.3   1.8  -1.0   67367.   3.7  370.  1.06
2025 228  2   4.7  -4.4   1.2  -0.9   61941.   3.2  358.  0.87
2025 228  3   4.7  -3.6   2.6   0.2   59714.   3.9  363.  1.08
2025 228  4   4.5  -3.9   2.0   0.2   57770.   3.8  356.  1.02
2025 228  5   4.4  -3.9   1.5  -0.8   64039.   3.6  353.  0.97
2025 228  6   4.4  -4.0   0.5   0.1   59731.   3.6  350.  0.95
2025 228  7   4.6  -1.2   3.2  -0.5   59252.   4.4  373.  1.27
2025 228  8   4.9   2.1   4.1  -0.1   47620.   4.3  392.  1.34
2025 228  9   4.4  -3.6  -0.4  -1.0   55768.   4.3  352.  1.11
2025 228 10   4.2  -3.0   0.9  -1.3   61492.   4.8  351.  1.24
2025 228 11   4.2  -3.6  -1.8  -0.7   61057.   4.5  343.  1.13
2025 228 12   4.3  -2.4   1.2  -1.3   55043.   4.8  350.  1.23
2025 228 13   4.5  -0.9   3.4  -0.2   47742.   5.2  358.  1.37
2025 228 14   4.9   0.0   4.5   0.4   43856.   5.4  365.  1.47
2025 228 15   5.0   0.2   0.9  -4.4   41757.   6.2  364.  1.63
2025 228 16   4.7   0.1   1.7  -2.9   43058.   5.8  362.  1.51
2025 228 17   5.0   0.9   4.6   0.2   35340.   5.0  362.  1.30
2025 228 18   4.9  -0.1   4.3   1.7   34481.   4.9  356.  1.24
2025 228 19   4.7  -2.6   3.3   0.2   42017.   5.1  339.  1.20
2025 228 20   4.6  -4.3   0.7   0.2   42457.   5.2  332.  1.23
2025 228 21   4.6  -3.7   0.2  -2.1   44560.   6.3  335.  1.47
2025 228 22   4.6  -3.0   1.6  -2.1   43022.   6.1  335.  1.42
2025 228 23   4.6  -2.2   0.5  -0.8   35808.   5.8  341.  1.36
2025 229  0   4.4  -3.9  -1.7  -0.7   34193.   5.7  330.  1.26
2025 229  1   4.4  -2.6  -1.8  -2.5   35035.   5.7  333.  1.26
2025 229  2   4.4  -0.2   2.9  -2.7   33574.   5.5  345.  1.29
2025 229  3   4.2  -1.0   2.1  -2.5   34852.   5.4  340.  1.24
2025 229  4   4.4  -1.6   3.3  -1.8   35707.   5.2  335.  1.18
2025 229  5   4.8  -0.6   3.8  -1.6   31868.   5.4  338.  1.24
2025 229  6   5.0  -0.6   4.9  -0.3   31843.   5.3  337.  1.20
2025 229  7   5.0  -0.8   4.1  -2.1   32877.   5.1  332.  1.13
2025 229  8   5.1  -0.5   4.5   0.1   27505.   5.3  332.  1.14
2025 229  9   5.1  -2.6   4.2   0.2   25672.   5.1  322.  1.02
2025 229 10   5.2  -3.1   3.7  -1.2   32186.   5.3  319.  1.08
2025 229 11   4.8  -2.5   1.5  -2.8   40512.   6.5  324.  1.30
2025 229 12   4.8  -3.0  -0.0  -3.4   42180.   7.6  322.  1.49
2025 229 13   4.9  -2.1   2.7  -2.5   41590.   8.5  321.  1.66
2025 229 14   4.7   1.0   3.0  -1.3   45921.   9.0  328.  1.83
2025 229 15   4.8  -0.6   3.2  -0.2   45788.   9.3  317.  1.79
2025 229 16   4.6  -2.0   3.3   1.2   51499.  10.1  311.  1.87
2025 229 17   5.0  -1.3   4.6   0.1   49867.  10.9  314.  2.02
2025 229 18   5.2  -2.6   3.9   1.7   52298.  11.0  309.  1.99
2025 229 19   5.7  -2.5   4.3   2.2   44972.  10.3  311.  1.87
2025 229 20   5.7  -0.5   4.2   3.1   43856.  10.9  319.  2.05
2025 229 21   6.0   0.4   3.7   4.5   31914.  10.9  321.  2.05
2025 229 22   6.1   1.2   2.7   5.1   29861.  10.5  322.  1.99
2025 229 23   5.7   0.7   3.9   4.0   29862.  11.0  318.  2.04
2025 230  0   5.5  -0.6   4.0   3.5   31473.  10.3  312.  1.84
2025 230  1   5.9  -0.3   4.3   4.0   26001.   9.4  312.  1.66
2025 230  2   5.9  -1.5   4.3   3.6   26737.   9.2  308.  1.57
2025 230  3   6.2  -2.0   5.0   2.5   24750.   8.5  304.  1.42
2025 230  4   5.9  -2.1   5.3   1.1   27961.   9.1  304.  1.52
2025 230  5   5.7  -1.2   5.3   0.2   22412.  10.0  304.  1.66
2025 230  6   5.5  -1.7   4.7   1.5   24637.  10.9  304.  1.82
2025 230  7   6.3  -2.7   5.4   0.7   28099.  11.1  308.  1.92
2025 230  8   6.6  -4.0   4.4  -2.5   35683.  14.5  316.  2.63
2025 230  9   7.6  -4.2   5.2  -1.0   44799.  16.8  330.  3.32
2025 230 10   8.1  -5.1   5.0  -2.3   41798.  20.5  332.  4.11
2025 230 11   9.0  -5.2   3.5  -5.6   47608.  22.9  334.  4.66
2025 230 12   9.6  -5.1   6.0  -4.9   45211.  19.9  334.  4.03
2025 230 13   9.5  -3.0   7.9  -1.6   35211.  18.2  335.  3.75
2025 230 14   9.9  -0.8   9.2   0.6   27122.  18.7  336.  3.95
2025 230 15   9.5  -5.8   5.3  -2.4   33279.  19.6  349.  4.40
2025 230 16   4.5   0.4  -2.9  -1.1   59658.  22.0  382.  6.09
2025 230 17   3.5   1.9  -2.6  -1.1   51109.  20.3  388.  5.86
2025 230 18   3.8  -3.1  -1.6   0.3   50336.  19.2  385.  5.30
2025 230 19   5.8  -3.4   3.6   1.5   29910.  19.6  350.  4.36
2025 230 20   7.2  -4.1   5.7   1.4   20639.  21.8  340.  4.70
2025 230 21   7.8  -5.4   5.2   2.0   22925.  22.3  333.  4.53
2025 230 22   9.4  -5.3   7.3   1.9   20004.  28.0  340.  6.03
2025 230 23   9.8  -8.4   4.3  -1.8   34448.  36.1  360.  8.53
2025 231  0   7.1   0.0   1.1   1.0   42943.  37.7  368.  9.52
2025 231  1  10.9   9.1  -2.8   4.9   29656.  27.9  357.  6.67
2025 231  2  14.8   9.0  -7.8   4.9   68218.  24.3  380.  6.73
2025 231  3  11.6   5.8  -9.4   2.8   73690.  28.9  388.  8.31
2025 231  4  13.2   7.1 -10.4   2.8   80138.  18.9  375.  5.10
2025 231  5  10.4   6.1  -7.0   3.8   90762.  18.9  378.  5.72
2025 231  6  12.7  10.9  -0.8   4.7   99443.  15.5  380.  5.08
2025 231  7  12.2  10.6  -4.5   1.8  112121.  13.6  375.  4.25
2025 231  8  11.1  -0.0 -10.4  -1.5  118767.  13.8  377.  4.25
2025 231  9  12.0   4.2 -10.8  -0.5  115644.  13.9  390.  4.48
2025 231 10  12.3   5.5 -10.3  -1.0  128575.  15.2  404.  5.42
2025 231 11  11.9   3.1  -4.3  -0.0  145391.  18.0  416.  6.89
2025 231 12  11.9   2.2  -3.8   2.0  167966.  21.2  428.  9.11
2025 231 13  16.9  11.4  -4.6   7.0  339313.   9.2  501.  5.46
2025 231 14  16.8   7.3 -12.5   1.4  429664.   6.6  590.  4.91
2025 231 15  14.8  10.2  -6.7   5.0  445885.   7.5  623.  6.28
2025 231 16  16.2   9.7  -9.4   6.3  399468.   8.1  610.  6.32
2025 231 17  16.1   8.0 -10.9  -0.6  468976.   8.3  585.  5.92
2025 231 18  13.7  11.1  -4.9   4.6  452502.   6.8  602.  4.66
2025 231 19   9.7   5.2  -6.0  -1.6  366101.   4.5  664.  3.98
2025 231 20   7.9   2.0  -4.6  -2.6  444739.   4.2  693.  4.19
2025 231 21   7.2   4.9  -3.8   1.5  348985.   3.4  645.  2.94
2025 231 22   6.5   2.9  -3.8  -0.0  438998.   3.8  642.  3.27
2025 231 23   6.8   4.6  -4.0  -0.9  356727.   4.2  621.  3.15
2025 232  0   8.0   1.9  -5.8  -1.8  303467.   4.0  617.  2.92
2025 232  1   8.3   3.8  -5.7  -3.4  256159.   3.5  594.  2.36
2025 232  2   7.7   5.1  -4.7  -1.1  276059.   4.0  565.  2.59
2025 232  3   4.8   3.8  -0.9   1.6  170627.   2.2  589.  1.44
2025 232  4   4.8   2.4  -2.5   0.5  136486.   2.3  605.  1.60
2025 232  5   4.8   3.0  -3.3   0.2  118381.   2.1  590.  1.41
2025 232  6   4.7   2.8  -2.7   0.0  138853.   2.3  593.  1.58
2025 232  7   4.6   2.8  -2.7  -0.9  149880.   2.4  600.  1.69
2025 232  8   4.7   0.6  -0.9   0.8  178080.   2.7  625.  2.08
2025 232  9   4.7   2.0  -2.0   1.5  171170.   2.6  605.  1.89
2025 232 10   4.4   2.0   0.7   2.8  176653.   2.8  611.  2.05
2025 232 11   4.5   3.1  -1.1   2.2  165469.   2.7  594.  1.86
2025 232 12   4.4   3.2  -0.5  -0.9  162373.   2.7  591.  1.84
2025 232 13   4.3   3.3   1.5   0.1  161775.   2.6  588.  1.76
2025 232 14   4.3   3.3   0.7  -1.8  147967.   2.7  589.  1.83
2025 232 15   4.3   3.4   0.6   0.1  156437.   2.7  585.  1.79
2025 232 16   4.5   2.9   2.5   0.5  157461.   2.7  592.  1.86
2025 232 17   4.8   3.5   0.8   2.3  156149.   2.8  582.  1.87
2025 232 18   5.0   3.4   0.3   1.1  171084.   3.0  585.  2.02
2025 232 19   5.1   3.8  -0.4   0.9  172192.   3.0  568.  1.90
2025 232 20   5.0   4.6   0.2  -0.2  172901.   3.0  551.  1.75
2025 232 21   4.9   3.8   1.6  -2.0  138583.   3.0  557.  1.79
2025 232 22   4.6   3.8   0.9  -0.4  147251.   2.6  559.  1.58
2025 232 23   4.5   3.0  -2.9   0.1  121841.   2.3  565.  1.44
