Time (UTC),minimum,0.25-quantile,median,0.75-quantile,maximum,prob 4-5,prob 5-6,prob 6-7,prob 7-8,prob >= 8,kp_0,kp_1,kp_2,kp_3,kp_4,kp_5,kp_6,kp_7,kp_8,kp_9
12-11-2025 18:00,7.0,7.0,7.0,7.0,7.0,0.0,0.0,1.0,1.0,0.0,7.0,7.0,7.0,7.0,7.0,7.0,7.0,7.0,7.0,7.0
12-11-2025 21:00,3.0,4.333333,5.0,5.666666,6.333333,0.3,0.5,0.1,0.0,0.0,5.0,5.666666,5.333333,6.333333,3.0,3.333333,4.666666,5.666666,4.333333,5.333333
13-11-2025 00:00,3.0,3.333333,4.333333,5.0,7.666666,0.5,0.4,0.0,0.1,0.0,4.333333,5.333333,5.0,5.0,3.0,3.333333,3.0,7.666666,5.0,4.0
13-11-2025 03:00,2.333333,4.333333,4.333333,6.333333,8.0,0.4,0.1,0.2,0.1,0.1,2.333333,6.666666,6.333333,5.666666,4.333333,4.333333,2.666666,8.0,4.666666,4.333333
13-11-2025 06:00,2.333333,4.0,4.333333,6.333333,7.0,0.4,0.2,0.4,0.1,0.0,4.0,6.333333,5.666666,6.333333,4.333333,6.0,2.333333,7.0,4.333333,4.0
13-11-2025 09:00,2.333333,4.333333,5.0,6.0,7.0,0.3,0.4,0.4,0.1,0.0,6.0,6.666666,5.0,6.0,4.666666,5.333333,2.333333,7.0,3.666666,4.333333
13-11-2025 12:00,3.0,3.666666,4.666666,6.0,6.666666,0.4,0.1,0.3,0.0,0.0,6.666666,6.0,4.666666,4.666666,4.666666,3.666666,3.0,6.333333,3.333333,4.333333
13-11-2025 15:00,0.666666,3.0,4.333333,4.666666,6.333333,0.5,0.1,0.1,0.0,0.0,5.333333,4.666666,4.333333,4.333333,4.666666,3.0,2.666666,6.333333,0.666666,4.333333
13-11-2025 18:00,1.0,3.0,3.666666,4.333333,4.666666,0.5,0.0,0.0,0.0,0.0,4.333333,3.333333,4.666666,4.333333,4.666666,1.333333,3.0,3.666666,1.0,4.333333
13-11-2025 21:00,1.0,3.0,3.666666,4.0,4.666666,0.5,0.0,0.0,0.0,0.0,4.333333,3.666666,4.666666,4.0,4.0,2.0,3.0,3.666666,1.0,4.0
14-11-2025 00:00,1.333333,3.0,3.0,3.333333,5.0,0.2,0.1,0.0,0.0,0.0,3.0,4.0,5.0,3.333333,3.333333,1.333333,3.0,3.333333,2.0,3.0
14-11-2025 03:00,2.0,2.333333,2.666666,3.0,5.0,0.2,0.1,0.0,0.0,0.0,2.0,5.0,4.666666,2.666666,2.333333,2.333333,2.666666,3.0,2.333333,2.666666
14-11-2025 06:00,2.0,2.333333,2.333333,3.0,4.666666,0.2,0.0,0.0,0.0,0.0,2.0,4.666666,4.333333,2.333333,2.333333,2.333333,2.666666,3.0,2.333333,2.666666
14-11-2025 09:00,1.0,1.666666,2.0,3.0,4.333333,0.2,0.0,0.0,0.0,0.0,2.333333,3.0,4.333333,1.333333,1.666666,2.0,2.0,4.333333,1.0,2.666666
14-11-2025 12:00,1.333333,2.0,2.0,2.666666,4.0,0.2,0.0,0.0,0.0,0.0,2.0,2.666666,4.0,1.333333,2.0,2.0,2.666666,4.0,1.333333,2.333333
14-11-2025 15:00,1.0,1.333333,2.333333,3.0,4.0,0.1,0.0,0.0,0.0,0.0,3.0,2.333333,3.0,1.0,2.333333,1.333333,2.333333,4.0,1.333333,2.666666
14-11-2025 18:00,0.666666,1.666666,1.666666,2.333333,4.0,0.1,0.0,0.0,0.0,0.0,3.0,2.333333,1.666666,1.0,1.666666,1.666666,1.666666,4.0,0.666666,1.666666
14-11-2025 21:00,0.666666,1.333333,1.666666,3.0,3.333333,0.0,0.0,0.0,0.0,0.0,3.0,2.333333,1.666666,1.0,1.333333,2.0,3.0,3.333333,0.666666,1.666666
15-11-2025 00:00,1.0,1.333333,1.333333,2.333333,4.0,0.1,0.0,0.0,0.0,0.0,2.666666,2.333333,1.333333,1.0,1.333333,2.0,1.0,4.0,1.333333,1.333333
15-11-2025 03:00,1.0,1.333333,1.666666,2.333333,3.666666,0.0,0.0,0.0,0.0,0.0,2.333333,3.0,1.666666,1.666666,1.333333,1.666666,1.0,3.666666,2.0,1.333333
15-11-2025 06:00,0.666666,1.333333,1.666666,2.0,3.333333,0.0,0.0,0.0,0.0,0.0,2.0,2.666666,2.0,1.333333,1.333333,1.666666,2.0,3.333333,0.666666,1.333333
15-11-2025 09:00,0.666666,1.333333,1.666666,2.0,3.666666,0.0,0.0,0.0,0.0,0.0,1.666666,3.0,1.666666,1.333333,1.333333,1.666666,2.0,3.666666,0.666666,1.0
15-11-2025 12:00,1.0,1.0,1.666666,2.0,3.666666,0.0,0.0,0.0,0.0,0.0,2.0,2.666666,1.666666,1.0,1.333333,1.666666,2.0,3.666666,1.0,1.0
15-11-2025 15:00,1.0,1.0,1.333333,2.333333,3.666666,0.0,0.0,0.0,0.0,0.0,2.0,2.333333,1.666666,1.0,1.333333,1.333333,2.333333,3.666666,1.0,1.0
15-11-2025 18:00,0.666666,1.333333,1.333333,2.333333,3.666666,0.0,0.0,0.0,0.0,0.0,2.0,2.666666,1.333333,0.666666,1.333333,1.333333,2.333333,3.666666,1.0,1.333333
